t     10.0  20.0  30.0  40.0  50.0  60.0  70.0  80.0  90.0  100.0 110.0 120.0
0.01  0.05  0.06  0.06  0.15  0.17  0.23  0.54  1.23  5.32  4.23  5.02  7.03
0.02  0.05  0.06  0.06  0.15  0.17  0.23  0.54  1.23  5.32  4.23  5.02  7.03
0.03  0.05  0.06  0.06  0.15  0.17  0.23  0.54  1.23  5.32  4.23  5.02  7.03
0.04  0.05  0.06  0.06  0.15  0.17  0.23  0.54  1.23  5.32  4.23  5.02  7.03

t     10.0  20.0  30.0  40.0  50.0  60.0  70.0  80.0  90.0  100.0 110.0 120.0
0.01  0.05  0.06  0.06  0.15  0.17  0.23  0.54  1.23  5.32  4.23  5.02  7.03
0.02  0.05  0.06  0.06  0.15  0.17  0.23  0.54  1.23  5.32  4.23  5.02  7.03
0.03  0.05  0.06  0.06  0.15  0.17  0.23  0.54  1.23  5.32  4.23  5.02  7.03
0.04  0.05  0.06  0.06  0.15  0.17  0.23  0.54  1.23  5.32  4.23  5.02  7.03
