4
1 1 1 1
15 15 15 15
0.01 0.02 0.03 0.04
2.46 4.98 7.45 9.99
0.88 1.73 2.49 3.26
30   60   90   120  150  180  210  240  270  300  360  420  480  540  600
2.33 2.28 2.24 2.21 2.17 2.14 2.11 2.08 2.03 2.02 2.04 1.99 1.95 1.91 1.87
0.02
4.98
1.73
30   60   90   120  150  180  210  240  270  300  360  420  480  540  600
4.6  4.45 4.31 4.15 4.07 3.97 3.86 3.78 3.7  3.62 3.5  3.39 3.29 3.2  3.13
0.03
7.45
2.49
30   60   90   120  150  180  210  240  270  300  360  420  480  540  600
6.84 6.47 6.2  5.97 5.76 5.56 5.41 5.27 5.13 5    4.81 4.65 4.5  4.37 4.27
0.04
9.99
3.26
30   60   90   120  150  180  210  240  270  300  360  420  480  540  600
8.88 8.32 7.9  7.53 7.23 6.97 6.75 6.55 6.36 6.21 5.95 5.73 5.55 5.42 5.29
